Date	Range 1	Range 2	Average
1862-1-1	99.50	98.52	99.01
1862-1-2	99.01	98.77	98.89
1862-1-3	99.01	98.77	98.89
1862-1-4	98.28	98.04	98.16
1862-1-5			
1862-1-6	97.80	97.56	97.68
1862-1-7	97.32	97.09	97.21
1862-1-8	96.62		96.62
1862-1-9	95.92		95.92
1862-1-10	95.69	95.24	95.47
1862-1-11	96.62	96.15	96.39
1862-1-12			
1862-1-13	97.09	97.09	97.09
1862-1-14	97.32	96.85	97.09
1862-1-15	97.56	97.33	97.45
1862-1-16	97.80	97.56	97.68
1862-1-17	98.16	98.04	98.10
1862-1-18	98.28	98.04	98.16
1862-1-19			
1862-1-20	97.80	97.56	97.68
1862-1-21	97.80	97.56	97.68
1862-1-22	97.44	97.21	97.33
1862-1-23	96.74	96.39	96.57
1862-1-24	96.74	96.62	96.68
1862-1-25	97.09	96.85	96.97
1862-1-26			
1862-1-27	97.09	96.85	96.97
1862-1-28	96.74	96.74	96.74
1862-1-29	96.85	96.74	96.80
1862-1-30	96.85	96.62	96.74
1862-1-31	96.62	96.50	96.56
1862-2-1	96.62	96.62	96.62
1862-2-2			
1862-2-3	96.74	96.62	96.68
1862-2-4	96.62	96.50	96.56
1862-2-5	96.74	96.62	96.68
1862-2-6	96.74	96.62	96.68
1862-2-7	96.74	96.50	96.62
1862-2-8	96.62	96.50	96.56
1862-2-9			
1862-2-10	96.50	96.27	96.39
1862-2-11	96.27	96.15	96.21
1862-2-12	96.15	96.04	96.10
1862-2-13	95.92	95.81	95.87
1862-2-14	95.81	95.58	95.70
1862-2-15	95.58	95.47	95.53
1862-2-16			
1862-2-17	96.39	96.27	96.33
1862-2-18	96.74	96.39	96.57
1862-2-19	97.09	96.85	96.97
1862-2-20	96.85	96.74	96.80
1862-2-21	96.97	96.97	96.97
1862-2-22	97.09	97.09	97.09
1862-2-23			
1862-2-24	97.09	96.85	96.97
1862-2-25	97.09	96.97	97.03
1862-2-26	97.21	96.97	97.09
1862-2-27	97.92	97.80	97.86
1862-2-28	97.92	97.80	97.86
1862-3-1	97.68	97.56	97.62
1862-3-2			
1862-3-3	98.04	97.68	97.86
1862-3-4	98.16	98.04	98.10
1862-3-5	98.04	98.04	98.04
1862-3-6	98.04	97.92	97.98
1862-3-7	98.04	97.92	97.98
1862-3-8	98.28	98.16	98.22
1862-3-9			
1862-3-10	98.04	98.04	98.04
1862-3-11	98.40	98.28	98.34
1862-3-12	98.40	98.40	98.40
1862-3-13	98.52	98.52	98.52
1862-3-14	98.52	98.40	98.46
1862-3-15	98.52	98.52	98.52
1862-3-16			
1862-3-17	98.52	98.40	98.46
1862-3-18	98.64	98.52	98.58
1862-3-19	98.52	98.40	98.46
1862-3-20	98.77	98.64	98.71
1862-3-21	98.77	98.52	98.65
1862-3-22	98.77	98.64	98.71
1862-3-23			
1862-3-24	98.77	98.64	98.71
1862-3-25	98.89	98.77	98.83
1862-3-26	98.77	98.64	98.71
1862-3-27	98.77	98.28	98.53
1862-3-28	98.77	98.64	98.71
1862-3-29	98.52	98.52	98.52
1862-3-30			
1862-3-31	98.64	98.28	98.46
1862-4-1	98.16	98.04	98.10
1862-4-2	98.04	97.68	97.86
1862-4-3	98.28	98.16	98.22
1862-4-4	98.28	98.16	98.22
1862-4-5	98.16	98.04	98.10
1862-4-6			
1862-4-7	97.92	97.80	97.86
1862-4-8	98.52	97.92	98.22
1862-4-9	98.28	98.16	98.22
1862-4-10	98.28	98.16	98.22
1862-4-11	98.16	98.04	98.10
1862-4-12	98.28	98.04	98.16
1862-4-13			
1862-4-14	98.28	98.16	98.22
1862-4-15	98.28	98.16	98.22
1862-4-16	98.40	98.40	98.40
1862-4-17	98.52	98.40	98.46
1862-4-18	98.52	98.52	98.52
1862-4-19	98.52	98.40	98.46
1862-4-20			
1862-4-21	98.40	98.40	98.40
1862-4-22	98.40	98.40	98.40
1862-4-23	98.40	98.28	98.34
1862-4-24	98.52	98.40	98.46
1862-4-25	98.52	98.52	98.52
1862-4-26	98.52	98.40	98.46
1862-4-27			
1862-4-28	98.40	98.28	98.34
1862-4-29	98.28	98.28	98.28
1862-4-30	98.04	98.04	98.04
1862-5-1	97.92	97.80	97.86
1862-5-2	97.80	97.56	97.68
1862-5-3	97.56	97.32	97.44
1862-5-4			
1862-5-5	96.97	96.39	96.68
1862-5-6	97.44	96.73	97.09
1862-5-7	97.68	97.32	97.50
1862-5-8	97.32	97.09	97.21
1862-5-9	96.97	96.85	96.91
1862-5-10	96.85	96.74	96.80
1862-5-11			
1862-5-12	96.74	96.50	96.62
1862-5-13	96.85	96.74	96.80
1862-5-14	96.85	96.85	96.85
1862-5-15	96.85	96.50	96.68
1862-5-16	97.09	96.62	96.86
1862-5-17	97.09	96.97	97.03
1862-5-18			
1862-5-19	96.85	96.85	96.85
1862-5-20	96.85	96.74	96.80
1862-5-21	96.85	96.62	96.74
1862-5-22	96.62	96.50	96.56
1862-5-23	96.74	96.62	96.68
1862-5-24	96.74	96.50	96.62
1862-5-25			
1862-5-26	96.15	96.15	96.15
1862-5-27	96.15	96.04	96.10
1862-5-28	96.27	96.15	96.21
1862-5-29	96.39	96.27	96.33
1862-5-30	96.50	96.50	96.50
1862-5-31	96.62	96.50	96.56
1862-6-1			
1862-6-2	96.62	96.50	96.56
1862-6-3	96.62	96.62	96.62
1862-6-4	96.62	96.50	96.56
1862-6-5	96.50	96.15	96.33
1862-6-6	96.15	95.92	96.04
1862-6-7	96.15	95.04	95.60
1862-6-8			
1862-6-9	95.92	95.81	95.87
1862-6-10	95.92	95.81	95.87
1862-6-11	96.74	95.69	96.22
1862-6-12	95.47	95.01	95.24
1862-6-13	95.01	94.90	94.96
1862-6-14	94.67	94.56	94.62
1862-6-15			
1862-6-16	93.90	93.68	93.79
1862-6-17	94.34	93.90	94.12
1862-6-18	94.90	94.45	94.68
1862-6-19	94.34	93.79	94.07
1862-6-20	94.01	93.79	93.90
1862-6-21	94.01	93.90	93.96
1862-6-22			
1862-6-23	93.68	92.59	93.14
1862-6-24	92.38	91.95	92.17
1862-6-25	92.38	91.95	92.17
1862-6-26	91.85	91.53	91.69
1862-6-27	91.43	91.32	91.38
1862-6-28	91.74	91.64	91.69
1862-6-29			
1862-6-30	91.85	91.56	91.71
1862-7-1	91.95	91.53	91.74
1862-7-2	91.83	81.43	86.63
1862-7-3	91.32	91.32	91.32
1862-7-4			
1862-7-5	91.32	91.01	91.17
1862-7-6			
1862-7-7	90.91	90.70	90.81
1862-7-8	89.89	89.69	89.79
1862-7-9	88.11	85.84	86.98
1862-7-10	86.49	85.11	85.80
1862-7-11	87.15	86.21	86.68
1862-7-12	87.82	87.34	87.58
1862-7-13			
1862-7-14	86.58	85.93	86.26
1862-7-15	85.65	85.47	85.56
1862-7-16	85.65	75.29	80.47
1862-7-17	84.93	84.12	84.53
1862-7-18	84.03	83.88	83.96
1862-7-19	84.57	84.39	84.48
1862-7-20			
1862-7-21	83.51	83.33	83.42
1862-7-22	83.59	83.25	83.42
1862-7-23	84.03	83.88	83.96
1862-7-24	85.47	84.39	84.93
1862-7-25	87.53	85.84	86.69
1862-7-26	85.47	85.11	85.29
1862-7-27			
1862-7-28	85.74	85.02	85.38
1862-7-29	86.39	85.84	86.12
1862-7-30	87.43	86.67	87.05
1862-7-31	87.34	86.67	87.01
1862-8-1	86.86	86.39	86.63
1862-8-2	86.96	86.77	86.87
1862-8-3			
1862-8-4	87.24	86.96	87.10
1862-8-5	87.34	87.15	87.25
1862-8-6	87.24	87.15	87.20
1862-8-7	87.72	87.05	87.39
1862-8-8	88.79	87.72	88.26
1862-8-9	88.89	88.59	88.74
1862-8-10			
1862-8-11	88.89	88.20	88.55
1862-8-12	88.11	87.53	87.82
1862-8-13	87.43	87.34	87.39
1862-8-14	86.77	86.30	86.54
1862-8-15	87.15	86.58	86.87
1862-8-16	87.34	87.24	87.29
1862-8-17			
1862-8-18	86.86	86.77	86.82
1862-8-19	87.15	86.86	87.01
1862-8-20	86.96	86.77	86.87
1862-8-21	86.77	86.30	86.54
1862-8-22	86.58	86.02	86.30
1862-8-23	86.86	86.30	86.58
1862-8-24			
1862-8-25	86.77	86.39	86.58
1862-8-26	86.77	86.67	86.72
1862-8-27	86.77	86.58	86.68
1862-8-28	86.58	86.49	86.54
1862-8-29	86.21	86.02	86.12
1862-8-30	86.49	86.39	86.44
1862-8-31			
1862-9-1	85.84	85.47	85.66
1862-9-2	85.84	85.65	85.75
1862-9-3	84.93	84.75	84.84
1862-9-4	84.93	84.84	84.89
1862-9-5	84.57	83.95	84.26
1862-9-6	84.21	83.88	84.05
1862-9-7			
1862-9-8	84.21	83.68	83.95
1862-9-9	84.30	84.12	84.21
1862-9-10	84.30	84.21	84.26
1862-9-11	84.21	84.12	84.17
1862-9-12	84.39	84.21	84.30
1862-9-13	84.75	84.57	84.66
1862-9-14			
1862-9-15	85.11	84.93	85.02
1862-9-16	85.84	84.93	85.39
1862-9-17	85.84	85.11	85.48
1862-9-18	85.84	85.56	85.70
1862-9-19	85.56	85.47	85.52
1862-9-20	85.65	85.38	85.52
1862-9-21			
1862-9-22	85.38	85.11	85.25
1862-9-23	84.93	84.21	84.57
1862-9-24	84.30	84.03	84.17
1862-9-25	83.33	82.81	83.07
1862-9-26	83.16	82.99	83.08
1862-9-27	82.39	82.39	82.39
1862-9-28			
1862-9-29	82.14	80.97	81.56
1862-9-30	82.30	80.65	81.48
1862-10-1	81.97	80.81	81.39
1862-10-2	81.47	81.30	81.39
1862-10-3	81.72	81.55	81.64
1862-10-4	81.63	81.30	81.47
1862-10-5			
1862-10-6	81.38	80.56	80.97
1862-10-7	81.30	80.72	81.01
1862-10-8	80.48	80.08	80.28
1862-10-9	79.84	79.05	79.45
1862-10-10	78.59	77.52	78.06
1862-10-11	78.12	77.97	78.05
1862-10-12			
1862-10-13	77.52	77.37	77.45
1862-10-14	76.34	75.19	75.77
1862-10-15	75.76	75.33	75.55
1862-10-16	75.76	75.47	75.62
1862-10-17	75.76	75.47	75.62
1862-10-18	76.92	76.78	76.85
1862-10-19			
1862-10-20	77.75	77.22	77.49
1862-10-21	77.97	77.07	77.52
1862-10-22	75.19	74.91	75.05
1862-10-23	75.47	75.19	75.33
1862-10-24	76.34	75.76	76.05
1862-10-25	76.92	76.19	76.56
1862-10-26			
1862-10-27	76.92	76.19	76.56
1862-10-28	75.97	75.61	75.79
1862-10-29	76.19	75.90	76.05
1862-10-30	76.78	76.48	76.63
1862-10-31	77.22	76.92	77.07
1862-11-1	77.15	76.19	76.67
1862-11-2			
1862-11-3	76.63	76.05	76.34
1862-11-4	77.22	76.63	76.93
1862-11-5	76.05	75.61	75.83
1862-11-6	76.05	75.76	75.91
1862-11-7	76.05	75.76	75.91
1862-11-8	75.76	75.47	75.62
1862-11-9			
1862-11-10	75.61	75.05	75.33
1862-11-11	76.34	75.33	75.84
1862-11-12	76.05	75.76	75.91
1862-11-13	76.05	75.76	75.91
1862-11-14	76.34	75.76	76.05
1862-11-15	75.90	75.76	75.83
1862-11-16			
1862-11-17	75.76	75.61	75.69
1862-11-18	76.12	75.76	75.94
1862-11-19	76.92	76.34	76.63
1862-11-20	76.78	76.63	76.71
1862-11-21	76.78	76.56	76.67
1862-11-22	76.63	76.48	76.56
1862-11-23			
1862-11-24	76.85	76.48	76.67
1862-11-25	77.00	76.92	76.96
1862-11-26	77.37	77.22	77.30
1862-11-27			
1862-11-28	77.37	77.22	77.30
1862-11-29	77.52	77.37	77.45
1862-11-30			
1862-12-1	77.82	76.05	76.94
1862-12-2	76.34	76.05	76.20
1862-12-3	76.34	75.76	76.05
1862-12-4	75.19	74.63	74.91
1862-12-5	76.05	75.47	75.76
1862-12-6	76.63	75.76	76.20
1862-12-7			
1862-12-8	76.12	67.05	71.59
1862-12-9	75.40	75.19	75.30
1862-12-10	75.69	75.47	75.58
1862-12-11	75.69	75.61	75.65
1862-12-12	76.05	75.90	75.98
1862-12-13	76.26	75.76	76.01
1862-12-14			
1862-12-15	75.83	75.61	75.72
1862-12-16	75.76	75.26	75.51
1862-12-17	75.61	75.19	75.40
1862-12-18	75.69	75.33	75.51
1862-12-19	75.61	75.33	75.47
1862-12-20	75.76	75.26	75.51
1862-12-21			
1862-12-22	75.61	75.40	75.51
1862-12-23	75.69	75.61	75.65
1862-12-24	75.76	75.69	75.73
1862-12-25			
1862-12-26	75.83	75.76	75.80
1862-12-27	75.83	75.40	75.62
1862-12-28			
1862-12-29	75.83	75.33	75.58
1862-12-30	75.40	75.19	75.30
1862-12-31	75.05	74.84	74.95
1863-1-1			
1863-1-2	74.84	74.70	74.77
1863-1-3	74.77	74.35	74.56
1863-1-4			
1863-1-5	74.28	73.94	74.11
1863-1-6	74.63	74.28	74.46
1863-1-7	74.63	74.07	74.35
1863-1-8	73.60	72.99	73.30
1863-1-9	72.46	72.20	72.33
1863-1-10	73.06	72.07	72.57
1863-1-11			
1863-1-12	71.11	70.30	70.71
1863-1-13	70.42	69.44	69.93
1863-1-14	68.14	67.57	67.86
1863-1-15	67.51	67.23	67.37
1863-1-16	68.73	68.61	68.67
1863-1-17	68.08	67.74	67.91
1863-1-18			
1863-1-19	67.68	67.23	67.46
1863-1-20	67.68	67.23	67.46
1863-1-21	67.68	67.34	67.51
1863-1-22	67.91	67.34	67.63
1863-1-23	68.03	67.57	67.80
1863-1-24	67.40	66.67	67.04
1863-1-25			
1863-1-26	67.17	65.90	66.54
1863-1-27	65.25	64.62	64.94
1863-1-28	65.57	64.94	65.26
1863-1-29	65.36	64.41	64.89
1863-1-30	65.36	63.19	64.28
1863-1-31	62.89	62.21	62.55
1863-2-1			
1863-2-2	63.80	62.89	63.35
1863-2-3	64.73	64.46	64.60
1863-2-4	63.69	63.09	63.39
1863-2-5	63.85	63.29	63.57
1863-2-6	63.59	63.09	63.34
1863-2-7	63.85	63.34	63.60
1863-2-8			
1863-2-9	64.73	63.90	64.32
1863-2-10	65.57	64.99	65.28
1863-2-11	65.57	65.04	65.31
1863-2-12	64.88	64.73	64.81
1863-2-13	64.46	64.10	64.28
1863-2-14	64.41	64.10	64.26
1863-2-15			
1863-2-16	64.15	63.49	63.82
1863-2-17	63.19	62.79	62.99
1863-2-18	62.31	61.73	62.02
1863-2-19	61.92	60.98	61.45
1863-2-20	61.54	61.07	61.31
1863-2-21	61.73	61.16	61.45
1863-2-22			
1863-2-23	61.16	60.65	60.91
1863-2-24	59.61	58.31	58.96
1863-2-25	58.31	58.01	58.16
1863-2-26	59.00	57.97	58.49
1863-2-27	58.87	58.48	58.68
1863-2-28	58.31	57.97	58.14
1863-3-1			
1863-3-2	58.31	58.22	58.27
1863-3-3	58.48	58.22	58.35
1863-3-4	60.61	59.52	60.07
1863-3-5	63.69	63.29	63.49
1863-3-6	66.67	64.94	65.81
1863-3-7	64.62	64.31	64.47
1863-3-8			
1863-3-9	64.21	63.59	63.90
1863-3-10	62.50	61.35	61.93
1863-3-11	63.34	63.09	63.22
1863-3-12	63.09	62.45	62.77
1863-3-13	62.89	62.02	62.46
1863-3-14	63.39	62.99	63.19
1863-3-15			
1863-3-16	64.73	64.31	64.52
1863-3-17	64.67	64.41	64.54
1863-3-18	65.20	64.52	64.86
1863-3-19	64.57	64.15	64.36
1863-3-20	64.73	64.52	64.63
1863-3-21	64.99	64.57	64.78
1863-3-22			
1863-3-23	66.23	65.15	65.69
1863-3-24	68.73	62.89	65.81
1863-3-25	71.68	70.55	71.12
1863-3-26	71.94	71.30	71.62
1863-3-27	71.43	70.98	71.21
1863-3-28	70.30	69.87	70.09
1863-3-29			
1863-3-30	69.32	67.91	68.62
1863-3-31	67.34	66.67	67.01
1863-4-1	64.10	63.34	63.72
1863-4-2	66.25	63.69	64.97
1863-4-3	65.36	65.15	65.26
1863-4-4	64.62	64.41	64.52
1863-4-5			
1863-4-6	66.23	65.41	65.82
1863-4-7	66.67	65.41	66.04
1863-4-8	68.73	68.03	68.38
1863-4-9	68.38	67.57	67.98
1863-4-10	68.26	67.11	67.69
1863-4-11	66.45	65.57	66.01
1863-4-12			
1863-4-13	63.69	63.49	63.59
1863-4-14	64.52	64.26	64.39
1863-4-15	65.79	64.94	65.37
1863-4-16	65.79	65.04	65.42
1863-4-17	65.25	64.21	64.73
1863-4-18	66.12	65.52	65.82
1863-4-19			
1863-4-20	67.23	66.34	66.79
1863-4-21	68.49	68.03	68.26
1863-4-22	68.61	68.03	68.32
1863-4-23	67.40	66.67	67.04
1863-4-24	66.01	65.79	65.90
1863-4-25	65.79	64.94	65.37
1863-4-26			
1863-4-27	66.67	64.99	65.83
1863-4-28	66.83	66.39	66.61
1863-4-29	66.67	66.39	66.53
1863-4-30			
1863-5-1	66.34	66.01	66.18
1863-5-2	66.72	66.45	66.59
1863-5-3			
1863-5-4	67.45	66.67	67.06
1863-5-5	67.34	66.01	66.68
1863-5-6	65.68	64.94	65.31
1863-5-7	64.83	64.62	64.73
1863-5-8	64.83	64.73	64.78
1863-5-9	67.11	66.56	66.84
1863-5-10			
1863-5-11	67.34	67.01	67.18
1863-5-12	67.34	67.00	67.17
1863-5-13	66.78	66.72	66.75
1863-5-14	66.78	66.67	66.73
1863-5-15	66.78	66.67	66.73
1863-5-16	66.78	66.56	66.67
1863-5-17			
1863-5-18	66.78	66.67	66.73
1863-5-19	67.51	67.06	67.29
1863-5-20	67.28	67.11	67.20
1863-5-21	67.23	66.67	66.95
1863-5-22	67.34	66.78	67.06
1863-5-23	67.34	66.89	67.12
1863-5-24			
1863-5-25	68.61	68.26	68.44
1863-5-26	69.69	68.97	69.33
1863-5-27	69.63	69.08	69.36
1863-5-28	69.69	69.50	69.60
1863-5-29	69.20	68.91	69.06
1863-5-30	69.03	68.85	68.94
1863-5-31			
1863-6-1	68.49	67.80	68.15
1863-6-2	68.14	67.91	68.03
1863-6-3	68.14	68.08	68.11
1863-6-4	68.49	68.26	68.38
1863-6-5	68.49	68.38	68.44
1863-6-6	68.91	68.79	68.85
1863-6-7			
1863-6-8	69.93	69.93	69.93
1863-6-9	70.36	70.24	70.30
1863-6-10	71.17	70.98	71.08
1863-6-11	70.54	70.42	70.48
1863-6-12	70.80	70.73	70.77
1863-6-13	70.30	70.18	70.24
1863-6-14			
1863-6-15	69.20	68.49	68.85
1863-6-16	67.68	67.40	67.54
1863-6-17	68.73	68.61	68.67
1863-6-18	69.87	69.14	69.51
1863-6-19	69.93	69.57	69.75
1863-6-20	69.69	69.69	69.69
1863-6-21			
1863-6-22	69.75	69.50	69.63
1863-6-23	69.75	69.69	69.72
1863-6-24	69.87	69.44	69.66
1863-6-25	69.08	68.61	68.85
1863-6-26	69.08	68.97	69.03
1863-6-27	68.97	68.85	68.91
1863-6-28			
1863-6-29	68.26	67.97	68.12
1863-6-30	68.43	68.14	68.29
1863-7-1	69.08	68.97	69.03
1863-7-2	69.50	69.32	69.41
1863-7-3	69.44	69.32	69.38
1863-7-4			
1863-7-5			
1863-7-6	72.46	71.81	72.14
1863-7-7	75.47	72.20	73.84
1863-7-8	76.12	75.90	76.01
1863-7-9	76.19	76.05	76.12
1863-7-10	75.61	75.47	75.54
1863-7-11	75.69	75.47	75.58
1863-7-12			
1863-7-13	76.19	75.97	76.08
1863-7-14	76.19	76.05	76.12
1863-7-15	77.59	77.37	77.48
1863-7-16	79.37	79.29	79.33
1863-7-17	79.52	79.37	79.45
1863-7-18	79.84	79.84	79.84
1863-7-19			
1863-7-20	81.14	79.76	80.45
1863-7-21	79.37	78.51	78.94
1863-7-22	80.32	79.52	79.92
1863-7-23	79.52	79.29	79.41
1863-7-24	79.29	79.21	79.25
1863-7-25	79.52	79.44	79.48
1863-7-26			
1863-7-27	78.43	78.12	78.28
1863-7-28	78.43	78.28	78.36
1863-7-29	78.43	78.28	78.36
1863-7-30	78.35	78.28	78.32
1863-7-31	78.05	77.52	77.79
1863-8-1	77.29	77.07	77.18
1863-8-2			
1863-8-3	78.43	78.28	78.36
1863-8-4	77.97	77.67	77.82
1863-8-5	78.28	78.20	78.24
1863-8-6			
1863-8-7	78.74	78.28	78.51
1863-8-8	79.21	79.13	79.17
1863-8-9			
1863-8-10	79.29	78.90	79.10
1863-8-11	79.21	79.05	79.13
1863-8-12	79.29	79.13	79.21
1863-8-13	78.97	78.74	78.86
1863-8-14	79.84	79.05	79.45
1863-8-15	79.76	79.68	79.72
1863-8-16			
1863-8-17	79.60	79.52	79.56
1863-8-18	79.60	79.60	79.60
1863-8-19	80.32	79.92	80.12
1863-8-20	80.08	80.08	80.08
1863-8-21	79.84	79.76	79.80
1863-8-22	80.16	80.08	80.12
1863-8-23			
1863-8-24	80.65	80.65	80.65
1863-8-25	81.88	80.97	81.43
1863-8-26	81.63	81.14	81.39
1863-8-27	80.32	80.08	80.20
1863-8-28	80.65	80.40	80.53
1863-8-29	80.16	80.08	80.12
1863-8-30			
1863-8-31	78.74	77.97	78.36
1863-9-1	78.82	78.51	78.67
1863-9-2	78.43	78.12	78.28
1863-9-3	77.37	74.49	75.93
1863-9-4	74.91	74.35	74.63
1863-9-5	76.05	75.90	75.98
1863-9-6			
1863-9-7	75.19	75.05	75.12
1863-9-8	75.76	75.69	75.73
1863-9-9	75.54	75.40	75.47
1863-9-10	76.26	76.12	76.19
1863-9-11	77.29	77.07	77.18
1863-9-12	77.59	77.52	77.56
1863-9-13			
1863-9-14	76.41	75.97	76.19
1863-9-15	76.34	75.69	76.02
1863-9-16	76.12	75.61	75.87
1863-9-17	75.61	75.47	75.54
1863-9-18	75.19	75.05	75.12
1863-9-19	74.77	74.63	74.70
1863-9-20			
1863-9-21	71.94	71.81	71.88
1863-9-22	72.86	72.20	72.53
1863-9-23	72.73	72.33	72.53
1863-9-24	73.13	72.99	73.06
1863-9-25	72.46	72.40	72.43
1863-9-26	71.94	71.81	71.88
1863-9-27			
1863-9-28	71.81	71.75	71.78
1863-9-29	70.18	69.87	70.03
1863-9-30	70.80	70.42	70.61
1863-10-1	71.24	71.24	71.24
1863-10-2	70.18	69.81	70.00
1863-10-3	70.11	69.87	69.99
1863-10-4			
1863-10-5	69.44	69.08	69.26
1863-10-6	68.49	67.91	68.20
1863-10-7	68.38	68.26	68.32
1863-10-8	68.55	68.49	68.52
1863-10-9	68.14	68.03	68.09
1863-10-10	67.40	67.34	67.37
1863-10-11			
1863-10-12	66.89	66.56	66.73
1863-10-13	65.04	64.52	64.78
1863-10-14	65.57	65.04	65.31
1863-10-15	64.10	63.80	63.95
1863-10-16	64.88	64.83	64.86
1863-10-17	67.00	66.67	66.84
1863-10-18			
1863-10-19	66.28	64.31	65.30
1863-10-20	66.83	66.78	66.81
1863-10-21	69.57	68.49	69.03
1863-10-22	70.05	69.32	69.69
1863-10-23	68.61	68.26	68.44
1863-10-24	68.14	68.03	68.09
1863-10-25			
1863-10-26	66.89	66.78	66.84
1863-10-27	68.49	67.91	68.20
1863-10-28	68.61	68.26	68.44
1863-10-29	68.03	67.57	67.80
1863-10-30	68.49	68.32	68.41
1863-10-31	68.79	68.73	68.76
1863-11-1			
1863-11-2	68.55	68.26	68.41
1863-11-3	68.43	68.38	68.41
1863-11-4	68.49	68.43	68.46
1863-11-5	68.38	67.91	68.15
1863-11-6	67.57	67.23	67.40
1863-11-7	68.38	67.85	68.12
1863-11-8			
1863-11-9	68.38	68.20	68.29
1863-11-10	68.97	68.73	68.85
1863-11-11	68.79	68.61	68.70
1863-11-12	68.20	68.03	68.12
1863-11-13	68.03	67.85	67.94
1863-11-14	68.20	68.03	68.12
1863-11-15			
1863-11-16	68.03	67.97	68.00
1863-11-17	67.62	67.34	67.48
1863-11-18	66.89	66.67	66.78
1863-11-19	66.23	65.47	65.85
1863-11-20	65.57	65.25	65.41
1863-11-21	65.15	64.94	65.05
1863-11-22			
1863-11-23	65.36	64.94	65.15
1863-11-24	66.45	65.79	66.12
1863-11-25	67.23	67.11	67.17
1863-11-26			
1863-11-27	69.93	68.73	69.33
1863-11-28	69.20	69.14	69.17
1863-11-29			
1863-11-30	67.57	67.23	67.40
1863-12-1	67.51	67.40	67.46
1863-12-2	67.34	67.28	67.31
1863-12-3	66.01	65.57	65.79
1863-12-4	65.57	65.47	65.52
1863-12-5	65.90	65.79	65.85
1863-12-6			
1863-12-7	66.23	65.74	65.99
1863-12-8	67.23	66.89	67.06
1863-12-9	67.34	67.28	67.31
1863-12-10	67.23	66.83	67.03
1863-12-11	66.23	66.01	66.12
1863-12-12	66.56	66.50	66.53
1863-12-13			
1863-12-14	66.78	66.50	66.64
1863-12-15	66.34	66.34	66.34
1863-12-16	67.00	66.78	66.89
1863-12-17	66.56	66.45	66.51
1863-12-18	65.95	65.74	65.85
1863-12-19	66.01	65.79	65.90
1863-12-20			
1863-12-21	65.74	65.57	65.66
1863-12-22	65.74	65.68	65.71
1863-12-23	65.79	65.57	65.68
1863-12-24	65.95	65.90	65.93
1863-12-25			
1863-12-26	66.01	66.01	66.01
1863-12-27			
1863-12-28	65.90	65.52	65.71
1863-12-29	65.52	65.47	65.50
1863-12-30	65.90	65.57	65.74
1863-12-31	65.84	65.84	65.84
1864-1-1			
1864-1-2	65.95	65.79	65.87
1864-1-3			
1864-1-4			
1864-1-5	65.95	65.95	65.95
1864-1-6	66.01	66.01	66.01
1864-1-7	65.84	65.68	65.76
1864-1-8	65.9	65.68	65.79
1864-1-9			
1864-1-10			
1864-1-11	65.63	65.57	65.60
1864-1-12	65.04	64.83	64.94
1864-1-13	65.04	64.99	65.02
1864-1-14	64.73	64.57	64.65
1864-1-15	64.41	64.31	64.36
1864-1-16	64.21	63.9	64.06
1864-1-17			
1864-1-18	62.79	62.79	62.79
1864-1-19	62.79	62.75	62.77
1864-1-20	63.19	62.94	63.07
1864-1-21	64	63.69	63.85
1864-1-22	63.8	63.44	63.62
1864-1-23	64.1	63.85	63.98
1864-1-24			
1864-1-25	63.44	63.34	63.39
1864-1-26	63.29	63.24	63.27
1864-1-27	63.69	63.69	63.69
1864-1-28	63.64	63.59	63.62
1864-1-29	63.8	63.44	63.62
1864-1-30	63.8	63.64	63.72
1864-1-31			
1864-2-1	63.49	63.39	63.44
1864-2-2	63.59	63.54	63.57
1864-2-3	63.39	63.29	63.34
1864-2-4	63.29	63.29	63.29
1864-2-5	63.39	63.19	63.29
1864-2-6	63.39	63.19	63.29
1864-2-7			
1864-2-8	62.99	62.79	62.89
1864-2-9	62.65	62.6	62.63
1864-2-10	62.79	62.79	62.79
1864-2-11	62.75	62.7	62.73
1864-2-12	62.89	62.79	62.84
1864-2-13	62.7	62.65	62.68
1864-2-14			
1864-2-15	62.55	62.35	62.45
1864-2-16	62.4	62.11	62.26
1864-2-17	62.55	62.5	62.53
1864-2-18	62.55	62.55	62.55
1864-2-19	63.29	63.04	63.17
1864-2-20	62.84	62.79	62.82
1864-2-21			
1864-2-22	62.89	62.89	62.89
1864-2-23	63.59	63.39	63.49
1864-2-24	63.59	63.49	63.54
1864-2-25	63.19	63.14	63.17
1864-2-26	63.49	63.14	63.32
1864-2-27	63.64	63.49	63.57
1864-2-28			
1864-2-29	62.89	62.79	62.84
1864-3-1	62.89	62.5	62.70
1864-3-2	62.65	62.65	62.65
1864-3-3	62.31	62.11	62.21
1864-3-4	62.45	61.92	62.19
1864-3-5	61.89	61.78	61.84
1864-3-6			
1864-3-7	61.82	61.82	61.82
1864-3-8	61.49	61.26	61.38
1864-3-9	59.88	59.61	59.75
1864-3-10	60.7	60.7	60.70
1864-3-11	60.74	60.7	60.72
1864-3-12	62.31	61.73	62.02
1864-3-13			
1864-3-14	62.31	62.21	62.26
1864-3-15	61.63	61.44	61.54
1864-3-16	61.87	61.73	61.80
1864-3-17	62.06	61.92	61.99
1864-3-18	61.35	61.35	61.35
1864-3-19	61.73	61.73	61.73
1864-3-20			
1864-3-21	61.73	61.73	61.73
1864-3-22			
1864-3-23	60.88	60.42	60.65
1864-3-24	60.06	60.06	60.06
1864-3-25			
1864-3-26	59	58.91	58.96
1864-3-27			
1864-3-28			
1864-3-29	60.33	60.29	60.31
1864-3-30	61.12	60.88	61.00
1864-3-31	60.88	60.88	60.88
1864-4-1	60.06	59.44	59.75
1864-4-2	60.06	59.97	60.02
1864-4-3			
1864-4-4	60.15	60.02	60.09
1864-4-5	59.66	59.61	59.64
1864-4-6	59.26	58.61	58.94
1864-4-7	58.61	58.48	58.55
1864-4-8	59	59	59.00
1864-4-9	59	59	59.00
1864-4-10			
1864-4-11	59	59	59.00
1864-4-12	57.55	57.14	57.35
1864-4-13	56.94	56.9	56.92
1864-4-14	56.82	56.42	56.62
1864-4-15	57.64	57.55	57.60
1864-4-16	58.48	58.39	58.44
1864-4-17			
1864-4-18	58.65	58.65	58.65
1864-4-19	59.88	59.52	59.70
1864-4-20	59.88	59.7	59.79
1864-4-21	59.93	59.7	59.82
1864-4-22	57.64	57.22	57.43
1864-4-23	57.43	56.34	56.89
1864-4-24			
1864-4-25	55.87	54.79	55.33
1864-4-26	55.17	54.13	54.65
1864-4-27	55.25	55.17	55.21
1864-4-28	56.22	55.48	55.85
1864-4-29	56.3	55.48	55.89
1864-4-30	55.71	55.56	55.64
1864-5-1			
1864-5-2	56.82	56.38	56.60
1864-5-3	56.5	55.63	56.07
1864-5-4	55.71	55.71	55.71
1864-5-5	56.42	56.3	56.36
1864-5-6	57.47	56.58	57.03
1864-5-7	57.89	57.85	57.87
1864-5-8			
1864-5-9	58.91	58.48	58.70
1864-5-10	59.52	59.35	59.44
1864-5-11	57.39	56.74	57.07
1864-5-12	57.8	57.39	57.60
1864-5-13	58.82	57.51	58.17
1864-5-14	58.14	58.06	58.10
1864-5-15			
1864-5-16	57.64	57.55	57.60
1864-5-17	56.5	56.18	56.34
1864-5-18	55.25	55.17	55.21
1864-5-19	55.1	55.06	55.08
1864-5-20	55.25	55.25	55.25
1864-5-21	55.1	55.1	55.10
1864-5-22			
1864-5-23	54.91	54.91	54.91
1864-5-24	54.83	54.83	54.83
1864-5-25	54.13	54.09	54.11
1864-5-26	54.64	54.5	54.57
1864-5-27	53.76	53.69	53.73
1864-5-28	53.76	53.76	53.76
1864-5-29			
1864-5-30	53.76	53.76	53.76
1864-5-31	52.63	52.63	52.63
1864-6-1	52.63	52.63	52.63
1864-6-2	53.05	52.63	52.84
1864-6-3	52.67	52.32	52.50
1864-6-4	52.56	52.19	52.38
1864-6-5			
1864-6-6	51.55	51.55	51.55
1864-6-7	51.81	51.35	51.58
1864-6-8	51.81	51.75	51.78
1864-6-9			
1864-6-10	50.38	50.31	50.35
1864-6-11	50.44	50.38	50.41
1864-6-12			
1864-6-13	51.09	51.09	51.09
1864-6-14	51.15	50.63	50.89
1864-6-15	50.57	50.57	50.57
1864-6-16	50.7	50.7	50.70
1864-6-17	50.86	50.79	50.83
1864-6-18	51.22	51.15	51.19
1864-6-19			
1864-6-20	50.51	50.44	50.48
1864-6-21	50.25	48.08	49.17
1864-6-22	47.62	43.48	45.55
1864-6-23	48.78	44.84	46.81
1864-6-24	46.95	46.08	46.52
1864-6-25	46.73	45.45	46.09
1864-6-26			
1864-6-27	45.25	41.67	43.46
1864-6-28	42.73	41.67	42.20
1864-6-29	42.55	40	41.28
1864-6-30	40.82	40	40.41
1864-7-1	45.05	40	42.53
1864-7-2	43.48	40	41.74
1864-7-3			
1864-7-4			
1864-7-5	42.55	40.16	41.36
1864-7-6	40.32	38.24	39.28
1864-7-7	38.17	36.63	37.40
1864-7-8	37.49	36.17	36.83
1864-7-9	38.46	36.36	37.41
1864-7-10			
1864-7-11	36.23	35.09	35.66
1864-7-12	36.9	35.46	36.18
1864-7-13	37.21	36.63	36.92
1864-7-14	38.76	37.31	38.04
1864-7-15	40.98	39.06	40.02
1864-7-16	40.24	38.28	39.26
1864-7-17			
1864-7-18	39.33	38.24	38.79
1864-7-19	38.68	37.21	37.95
1864-7-20	38.31	37.91	38.11
1864-7-21	38.99	38.46	38.73
1864-7-22	39.92	38.8	39.36
1864-7-23	39.41	39.06	39.24
1864-7-24			
1864-7-25	39.16	38.65	38.91
1864-7-26	38.8	38.54	38.67
1864-7-27	39.37	38.87	39.12
1864-7-28	40.98	39.68	40.33
1864-7-29	40	39.45	39.73
1864-7-30	39.53	38.76	39.15
1864-7-31			
1864-8-1	39.84	38.61	39.23
1864-8-2	39.06	38.68	38.87
1864-8-3	39.06	38.68	38.87
1864-8-4			
1864-8-5	38.83	38.28	38.56
1864-8-6	38.57	38.2	38.39
1864-8-7			
1864-8-8	38.95	38.54	38.75
1864-8-9	39.6	39.14	39.37
1864-8-10	39.29	39.14	39.22
1864-8-11	39.39	38.95	39.17
1864-8-12	39.2	38.83	39.02
1864-8-13	39.35	39.02	39.19
1864-8-14			
1864-8-15	39.1	38.93	39.02
1864-8-16	39.12	38.95	39.04
1864-8-17	39.1	38.91	39.01
1864-8-18	38.91	38.76	38.84
1864-8-19	38.91	38.78	38.85
1864-8-20	38.99	38.89	38.94
1864-8-21			
1864-8-22	38.93	38.87	38.90
1864-8-23	38.89	38.72	38.81
1864-8-24	39.35	38.91	39.13
1864-8-25	39.29	39.1	39.20
1864-8-26	39.47	39.06	39.27
1864-8-27	40.82	39.53	40.18
1864-8-28			
1864-8-29	42.53	40.82	41.68
1864-8-30	43.2	42.37	42.79
1864-8-31	42.73	41.15	41.94
1864-9-1	41.15	40.24	40.70
1864-9-2	40.24	39.29	39.77
1864-9-3	42.37	41.07	41.72
1864-9-4			
1864-9-5	42.55	41.07	41.81
1864-9-6	41.58	41.32	41.45
1864-9-7	41.52	41.19	41.36
1864-9-8	42.42	41.49	41.96
1864-9-9	42.71	42.37	42.54
1864-9-10	45.87	43.76	44.82
1864-9-11			
1864-9-12	46.84	44.44	45.64
1864-9-13	45.98	43.86	44.92
1864-9-14	44.74	43.86	44.30
1864-9-15	43.81	43.57	43.69
1864-9-16	44.62	43.86	44.24
1864-9-17	45.27	44.72	45.00
1864-9-18			
1864-9-19	44.67	44.1	44.39
1864-9-20	44.84	44.1	44.47
1864-9-21	45.45	45.05	45.25
1864-9-22	46.3	45.2	45.75
1864-9-23	47.39	46.08	46.74
1864-9-24	50	47.17	48.59
1864-9-25			
1864-9-26	51.27	50.47	50.87
1864-9-27	52.02	51.27	51.65
1864-9-28	51.28	48.78	50.03
1864-9-29	51.48	49.5	50.49
1864-9-30	52.36	51.51	51.94
1864-10-1	52.63	51.61	52.12
1864-10-2			
1864-10-3	52.91	52.15	52.53
1864-10-4	52.63	52.02	52.33
1864-10-5	52.84	52.29	52.57
1864-10-6	52.02	50.76	51.39
1864-10-7	50.51	49.02	49.77
1864-10-8	50.83	49.2	50.02
1864-10-9			
1864-10-10	51.02	50.25	50.64
1864-10-11	50.41	49.17	49.79
1864-10-12	49.94	48.84	49.39
1864-10-13	49.05	47.68	48.37
1864-10-14	48.08	46.03	47.06
1864-10-15	46.89	45.45	46.17
1864-10-16			
1864-10-17	45.82	44.94	45.38
1864-10-18	48.48	46.51	47.50
1864-10-19	48.19	47.28	47.74
1864-10-20	48.48	47.34	47.91
1864-10-21	48.22	47.85	48.04
1864-10-22	47.73	46.84	47.29
1864-10-23			
1864-10-24	47.11	46.11	46.61
1864-10-25	46.57	45.71	46.14
1864-10-26	47.09	46.08	46.59
1864-10-27	46.54	46.16	46.35
1864-10-28	46.48	45.92	46.20
1864-10-29	45.92	45.2	45.56
1864-10-30			
1864-10-31	45.15	43.91	44.53
1864-11-1	43.48	41.41	42.45
1864-11-2	43.57	40.65	42.11
1864-11-3	44	42.24	43.12
1864-11-4	43.17	41.91	42.54
1864-11-5	42.46	40.86	41.66
1864-11-6			
1864-11-7	41.93	40.67	41.30
1864-11-8	40.73	40.08	40.41
1864-11-9	40.65	38.46	39.56
1864-11-10	41.15	39.53	40.34
1864-11-11	42.22	40.9	41.56
1864-11-12	41.24	40.82	41.03
1864-11-13			
1864-11-14	41.15	40.55	40.85
1864-11-15	41.91	40.98	41.45
1864-11-16	43.76	41.67	42.72
1864-11-17	45.82	44.1	44.96
1864-11-18	47.62	45.66	46.64
1864-11-19	46.3	44.35	45.33
1864-11-20			
1864-11-21	45.98	45.15	45.57
1864-11-22	44.64	43.67	44.16
1864-11-23	45.35	44.74	45.05
1864-11-24			
1864-11-25	46.14	45.2	45.67
1864-11-26	45.56	44.51	45.04
1864-11-27			
1864-11-28	44.2	42.78	43.49
1864-11-29	43.1	42.35	42.73
1864-11-30	44	42.92	43.46
1864-12-1	44.1	43.67	43.89
1864-12-2	43.43	42.78	43.11
1864-12-3	43.81	43.29	43.55
1864-12-4			
1864-12-5	44.05	43.53	43.79
1864-12-6	43.48	42.6	43.04
1864-12-7	41.93	41.15	41.54
1864-12-8	41.84	41.19	41.52
1864-12-9	41.75	41.26	41.51
1864-12-10	42.64	41.8	42.22
1864-12-11			
1864-12-12	43.01	42.11	42.56
1864-12-13	42.87	42.46	42.67
1864-12-14	42.85	42.46	42.66
1864-12-15	42.64	42.06	42.35
1864-12-16	42.78	42.6	42.69
1864-12-17	44.42	43.22	43.82
1864-12-18			
1864-12-19	47	46.03	46.52
1864-12-20	45.35	44.05	44.70
1864-12-21	44.99	44.25	44.62
1864-12-22	45.25	44.54	44.90
1864-12-23	45.35	44.89	45.12
1864-12-24	45.38	45.05	45.22
1864-12-25			
1864-12-26			
1864-12-27	46.3	45.87	46.09
1864-12-28	46.24	44.64	45.44
1864-12-29	45.05	44.42	44.74
1864-12-30	44.25	43.57	43.91
1864-12-31	44.59	43.88	44.24
1865-1-1			
1865-1-2			
1865-1-3	44.25	43.57	43.91
1865-1-4	43.29	42.67	42.98
1865-1-5	44.17	43.57	43.87
1865-1-6	44.05	43.81	43.93
1865-1-7	44.17	43.96	44.07
1865-1-8			
1865-1-9	44.22	44.05	44.14
1865-1-10	44.94	43.69	44.32
1865-1-11	45.45	44.69	45.07
1865-1-12	46.19	45.51	45.85
1865-1-13	45.77	45.05	45.41
1865-1-14	45.92	45.25	45.59
1865-1-15			
1865-1-16	45.85	45.22	45.54
1865-1-17	46.62	46.08	46.35
1865-1-18	46.51	46.08	46.30
1865-1-19	48.08	46.54	47.31
1865-1-20	49.57	48.13	48.85
1865-1-21	50.7	48.54	49.62
1865-1-22			
1865-1-23	50.54	49.32	49.93
1865-1-24	50.54	49.08	49.81
1865-1-25	48.96	48.19	48.58
1865-1-26	49.5	48.31	48.91
1865-1-27	47.9	46.51	47.21
1865-1-28	46.95	45.45	46.20
1865-1-29			
1865-1-30	47.39	46.57	46.98
1865-1-31	49.5	47.39	48.45
1865-2-1	49.38	48.63	49.01
1865-2-2	49.08	48.54	48.81
1865-2-3	48.72	47.68	48.20
1865-2-4	47.93	46.62	47.28
1865-2-5			
1865-2-6	47.17	46.62	46.90
1865-2-7	47.06	46.14	46.60
1865-2-8	47.51	46.92	47.22
1865-2-9	47.34	46.73	47.04
1865-2-10	47.51	47.2	47.36
1865-2-11	48.87	47.85	48.36
1865-2-12			
1865-2-13	48.75	48.31	48.53
1865-2-14	48.28	47.9	48.09
1865-2-15	48.84	48.43	48.64
1865-2-16	49.26	48.78	49.02
1865-2-17	49.14	48.87	49.01
1865-2-18	49.02	48.66	48.84
1865-2-19			
1865-2-20	50.44	49.94	50.19
1865-2-21	50.92	50.06	50.49
1865-2-22			
1865-2-23	50.28	49.94	50.11
1865-2-24	50.28	49.94	50.11
1865-2-25	50.51	50.03	50.27
1865-2-26			
1865-2-27	50.12	49.57	49.85
1865-2-28	49.81	49.14	49.48
1865-3-1	50.12	49.75	49.94
1865-3-2	50.99	50.51	50.75
1865-3-3	50.47	50.25	50.36
1865-3-4	50.25	50	50.13
1865-3-5			
1865-3-6	50.51	50.22	50.37
1865-3-7	50.73	50.25	50.49
1865-3-8	51.05	50.57	50.81
1865-3-9	51.71	50.92	51.32
1865-3-10	53.58	52.32	52.95
1865-3-11	53.12	52.22	52.67
1865-3-12			
1865-3-13	53.98	52.22	53.10
1865-3-14	56.26	54.05	55.16
1865-3-15	57.39	55.9	56.65
1865-3-16	58.74	56.54	57.64
1865-3-17	62.5	59.17	60.84
1865-3-18	61.26	60.15	60.71
1865-3-19			
1865-3-20	62.4	59.57	60.99
1865-3-21	64.73	62.79	63.76
1865-3-22	64.1	62.89	63.50
1865-3-23	66.34	63.69	65.02
1865-3-24	67.51	65.57	66.54
1865-3-25	65.15	63.49	64.32
1865-3-26			
1865-3-27	65.36	64.31	64.84
1865-3-28	65.04	64.67	64.86
1865-3-29	66.23	65.63	65.93
1865-3-30	66.83	65.84	66.34
1865-3-31	66.12	65.84	65.98
1865-4-1	66.23	65.79	66.01
1865-4-2			
1865-4-3	68.73	67.57	68.15
1865-4-4	68.32	67.23	67.78
1865-4-5	67.57	64.73	66.15
1865-4-6	66.56	65.57	66.07
1865-4-7	67.91	66.45	67.18
1865-4-8	67.34	66.34	66.84
1865-4-9			
1865-4-10	69.69	68.67	69.18
1865-4-11	68.49	68.03	68.26
1865-4-12	68.91	68.49	68.70
1865-4-13	68.49	67.97	68.23
1865-4-14			
1865-4-15			
1865-4-16			
1865-4-17	67.51	65.36	66.44
1865-4-18	68.38	67.68	68.03
1865-4-19			
1865-4-20			
1865-4-21	67.91	66.83	67.37
1865-4-22	67.06	66.45	66.76
1865-4-23			
1865-4-24			
1865-4-25			
1865-4-26	66.39	65.79	66.09
1865-4-27	67.8	67	67.40
1865-4-28	68.14	67.57	67.86
1865-4-29	68.49	68.26	68.38
1865-4-30			